{
    "cam0_offset_pitch": 0.0,
    "cam1_offset_y": -0.029999999329447746,
    "sharpness_gain": 0.0,
    "cam1_horizon_r": 0.83999902009963989,
    "cam0_offset_yaw": 0.0,
    "cam0_offset_roll": 0.0,
    "cam1_offset_roll": 0.0,
    "cam0_offset_y": -0.02500000037252903,
    "cam0_offset_x": 0.0,
    "cam0_horizon_r": 0.83999800682067871,
    "cam1_offset_x": 0.0,
    "cam1_offset_pitch": -0.0015625059604644775,
    "cam1_offset_yaw": 0.0,
    "rtp_rx_port": 9002,
    "rtp_rx_type": "udp",
    "rtp_tx_port": 9004,
    "rtp_tx_type": "udp",
    "rtp_tx_ip": "127.0.0.1",
    "rtcp_rx_port": 9005,
    "rtcp_rx_type": "udp",
    "rtcp_tx_port": 9003,
    "rtcp_tx_type": "udp",
    "rtcp_tx_ip": "127.0.0.1",
    "plugin_paths": [
    ]
}
